phenotypes_phenotypes
68.88601212571497
52.514462870201235
70.93586588122974
78.50053070415385
74.36447768817843
71.03157276017967
53.71444723051586
87.97018560262927
77.27343889810695
55.68867954359744
66.78151951599423
62.76251535919144
57.50862816928529
92.18450798717856
86.99522623452731
79.16733142360938
92.1876851628858
81.07821871865298
71.31675415371433
77.06810552656665
86.63872209851014
122.60344510172247
105.76418408579295
60.09034198536378
83.00711592144103
84.2302888432153
87.18081780800054
99.72857036013315
98.64871761528782
75.26946441335096
90.36986833333592
99.73317469339638
74.81760391290479
76.44157351503424
78.2430645005844
67.56211624034475
63.17532685778716
93.27268064496542
87.34897277286666
56.4124477239839
112.04527946454942
56.63895987489943
74.57399866300244
100.02022113658464
81.72640339446518
72.07622423025536
61.2334695021628
40.40733347270973
49.29509848893136
67.45468421534316
44.25480389835847
54.00803891216698
93.72049604327259
87.09910261200869
96.58007424646895
88.35900321990987
134.8928468688809
140.64295441275172
142.76487701787698
109.19942983735262
63.276457004562886
73.03328625974483
88.07887369805984
103.14840495047477
96.70033659274192
92.44059459666866
92.26408471190601
94.36541137550995
73.57175258706033
89.68465725973749
54.23245335000177
83.65719529369444
68.1535608860486
76.17203997444851
114.02207359842866
57.07487504289249
88.8134665985708
115.1605280905933
63.13719816060347
79.43178884436041
71.52387359622362
64.72437952172537
93.77585815485415
64.27018064605384
74.79703204749103
58.60786682804011
82.2158548582959
81.78074175732935
67.51213949632321
74.59997137523331
78.83497867757131
92.28427470862498
91.8127477113059
106.0688043615479
91.33712762170094
87.28977935719921
60.444056934868
74.02852557148421
72.59788745986468
88.93353099667328
102.00493419143574
71.5866871042896
74.80783853134503
84.49568249246363
83.58584766036371
96.07631989877866
76.140488948509
100.35610162614864
74.58094307120903
89.12825193051964
85.66688720795932
84.5689351510796
70.28537647863912
61.360425027579225
86.43015349440155
101.32083618148019
50.161995675566715
81.59649524538142
82.82361580126987
88.26480632161334
63.79301670205429
73.76693531229392
63.49136482111128
63.181396010256535
91.01254189162171
85.70682847631336
71.65799392069722
62.90826453919247
95.15893878738183
71.76907800786432
66.54847846769384
84.75336412860227
87.9335972637068
87.11219845780006
68.98417659078468
88.03058446167881
85.10799911959838
64.76298970404471
78.42368479425218
87.52225642826667
71.09377586811603
60.20679714370535
79.45985268540839
77.02861667620884
86.1899153764512
89.5594596944035
93.44436108349458
69.12559445996091
80.07063723899563
101.79947259585052
90.94902251897238
61.918819411678825
59.188645129299935
64.6605210121512
90.18425742512461
114.18260820300303
112.92686404376914
117.39073959516755
100.84336815107956
114.22433889803425
85.92459168869435
71.93582092549494
60.20642048353439
109.86837626932144
95.83087149906942
78.16494168795597
89.73842106602139
72.56987526464353
63.69707801647914
94.71966432141343
96.995009279539
76.749575207209
81.81193668804015
112.91007994672609
70.85550413381785
61.2983753990006
89.02798211637877
73.31347972788656
64.78847845550442
70.57036718265746
91.2103890960734
113.7120180137672
105.11483245467315
110.9060106073088
104.83131627950914
78.01058812313893
81.04945906310456
100.7679678394097
63.538421864591854
52.69515484227221
64.68547363637721
85.01953675055249
61.67591008089364
50.494537780831386
60.23409982797383
87.72386713373575
96.59019978757578
86.831888081671
84.90742437207831
81.27570693575292
102.17032136985337
112.68884365819842
84.19572720551724
108.60273125564512
72.09072572253133
96.82968892837762
99.70416551783578
96.96829118399694
74.60223194038761
47.15128279569166
82.85321906113032
103.17319252505192
87.83888946681884
62.754095946594376
50.164595905713966
51.91391273356302
71.64779450212552
81.06763504378033
68.52985512095611
95.18737992523347
78.56587129476881
71.3385643796842
90.70318349285844
98.779644207672
79.7825004520886
77.50379391700669
89.78777183727387
113.87635964109737
70.13990861778778
73.25738704057052
66.05765551947431
61.49777542734412
65.60849122031132
78.43242549355571
83.37585232718507
74.92965282033941
72.98916058155592
89.9745115848288
65.93805838972037
76.94230514970874
86.53624612773243
61.49540153736089
90.94968452345933
71.2115421921414
75.77162056750885
114.08452675683377
101.18978289895921
79.58393692112841
83.2232467121481
83.17612890965178
77.10131290377133
94.74241325982479
90.05445660395678
114.67379128321176
73.46478887938959
65.96708424102847
66.75447901368969
105.98663311637274
77.93664007393666
61.33456309906667
89.2590640221185
45.49271535306363
100.4706673994228
82.41652449544536
79.37252601457533
73.39069114284085
75.28910114129162
85.16314446287289
68.10842296700284
62.47981415054968
62.14943782463431
58.82367251659176
81.65819650004937
87.01813126180497
89.46645195456694
95.78693615068524
55.26728342981109
79.6145807728056
57.565012302075765
89.49837240774681
99.8095809509126
79.52449375229355
60.61200304698709
111.55925849475774
96.35219540563516
82.1457020544403
92.6688576894378
52.50346736996202
63.810296953594424
83.62475419524822
53.5923012968947
81.18191379820485
74.97660214074351
71.7367338236411
80.5142664808001
69.78779031716098
95.31256145825604
56.10024693916574
81.28770354871553
98.78441852876213
119.09108070700408
92.92489569757831
69.49587222322347
73.55903160150775
55.8850100789579
63.63179802160678
60.73890136792215
77.94555649685992
80.91913907579176
69.56692527288715
109.95901682090697
76.5584695428673
122.2805840258245
103.18166845683895
76.97232989342741
65.42489725826127
80.91458271652334
106.14698419447669
71.05471983466349
97.39310356855026
76.1829613882684
101.27236110291348
104.20930510573015
90.05162252303441
104.54042972025287
85.15629515316358
97.9989670729798
74.28925058942299
73.49336233091405
82.05184938457015
96.19160211539358
84.30777450908657
87.7237687584635
84.28971905008368
86.39682032808503
90.06662355998687
120.04960833186847
85.67107504998783
101.8966448684489
81.71117700763995
75.0832339180119
82.13989490437105
108.50614965021784
69.92113438605034
78.37009370926266
59.89425226533491
64.53096265793867
82.25694243604637
61.98329195712514
73.34221651492935
81.61470989038253
106.83384624329825
71.95787386173632
65.31747734806264
65.6692484717471
62.51745434761349
90.56232810914575
109.9954225119617
66.82985174896007
77.19579332819052
94.22529838645616
101.10006909458649
96.39123598720342
133.46946801300132
108.24464798096542
88.74562439384674
95.8697111250296
68.13684806896667
82.54367806913999
82.83060021563968
63.84103753123725
90.35017167013798
50.17587683006665
99.01629809267799
111.99526285053845
116.79322821362095
103.4335142436964
82.55826028030064
65.31577829353223
86.47890478447604
74.82772953732497
82.18725682083003
75.65514468501497
81.93691080637426
74.85268088779361
65.55837057556018
61.232037414357485
59.20538305365291
49.35535120160424
73.53161684554297
79.89126849222312
89.63992290249432
72.75661172292156
85.40576305303702
83.97952689996303
104.87330297408877
76.32565747050005
87.39704530403729
73.07343601958718
66.17374555112677
63.10766760638454
74.5641835830313
71.87028312845723
76.63390199767078
73.24377806349045
72.48210099835528
85.21142923317483
82.5895926937064
72.38676485703556
84.06174407009186
77.04485659284626
118.22313151161177
90.1783967964364
94.99300141273235
71.9377560234933
71.07955463633925
77.43669762434823
69.07082869678538
68.70721229547847
62.37771780124785
74.51039401322832
102.68049822267886
51.91489080646697
73.02429918175125
78.98597552551693
80.48844007615196
62.710596108989975
63.24266005737795
80.59252009437388
106.64204517988647
109.52446180429824
75.7359240873461
89.5106604606159
84.44645036951779
70.49637833215989
83.9902158886009
85.1955299490341
148.20272901054847
102.39064690205706
91.41560863950218
76.22217662569106
65.79077028381023
79.31732469606848
78.24919473891887
70.1100497067271
52.63251749727352
117.25494211435128
61.878977280088755
84.02095943517709
76.53623701885722
82.31099794668904
69.74872342805585
70.59179094316576
76.45198133931486
58.50802085701892
53.302158922949175
54.40447396658567
82.69644112692666
84.44411418050927
74.23356594889056
104.18668034989093
104.51154492762393
93.12288817765564
69.64657590956487
71.62309784226355
69.98778060142946
61.07103304431204
90.89953556284388
115.70300572653721
95.44226507288658
72.94616532870361
99.81521497778641
96.31872763706939
64.693832363728
68.58065575409242
90.42116999909452
93.20975906433918
75.31968101933482
84.02324992572224
73.9858420529032
51.77353054299942
58.884909345595474
71.76661690718768
96.03879037620999
82.25481621233189
62.06612231657677
55.50766326496585
90.42118850292565
102.16351856620206
65.2269812394616
79.24943756683047
98.32290654062471
66.70648890235461
46.58457652582149
59.204300904180016
111.1243425700876
83.47146489653124
66.30624660975661
67.30327318659938
55.72852269653943
67.26382620752624
78.75028190125828
86.76293229891029
102.52038489640366
70.88046132542603
75.01967462336485
69.5452986972116
69.19508096510135
55.35183148559738
65.39187686938057
65.22247680042594
55.627278377628656
54.312497058547514
84.73844569256366
95.86255066151934
112.39539248642605
60.48544858231561
73.88926223244273
77.3067194985433
73.69857181012476
90.6521303134566
85.25052076117724
57.29163440472435
57.98773835155069
75.11108562101352
72.72562482904776
90.677816430306
89.46686578834293
93.78911097047776
88.62322415897215
71.04202202177983
94.86814244579114
104.93467473562661
102.80505227109323
63.233736513598735
71.71266133923882
77.49291729353125
63.902495338133534
81.62260719391058
76.12014127411935
78.26354746397304
68.3575924709235
94.79216290330828
72.39517961279012
78.67679586624827
62.35941612990916
81.85823768256837
80.58343033318431
59.945101272023386
62.46001389773592
65.29793207592304
67.33097701777365
76.30904760267119
61.970982001649
51.25846785668119
73.13023776175832
72.6783958091499
81.66346954281728
105.23050570714658
67.89977580068322
82.66932886649805
61.29892746032089
83.43680607757139
115.3628542214377
81.98695642382243
93.20604981119293
79.64172478747957
101.91645666796141
119.32843093282592
96.24826064582219
79.63938774923498
94.33012281712216
61.077517361668114
91.43974342846897
72.66016268652223
72.64931681528556
63.8055610477871
75.75785046324278
76.40100132888509
74.36782607299949
111.14562530046844
76.41632751652824
80.55674198696076
98.9829829559481
89.4906719442871
96.72201063541203
74.70519885510961
75.07130269638435
90.3178814290043
125.23074204802793
100.21023003336839
82.74843738823182
129.92347937165817
69.67952860668757
58.50053960346562
70.03544446614623
54.27731787071417
81.79787780678528
64.68762890768795
59.23808279744132
72.61536720737479
96.33784697333978
80.43034106837817
81.44238147907697
87.13413575321255
109.05145592953346
75.30751176186273
75.52864979680402
66.4050075420674
58.780040243339926
56.624324969087134
71.22322353182405
67.80981028751624
91.71980808696382
66.27525851254391
50.45941297611654
72.77607819516993
82.98412071454815
74.06568816639923
73.09240497667034
60.905715061187436
60.958142162755884
105.68605547699234
119.29134063644011
90.25172492258643
87.7898614522961
84.90710657823796
76.77958118098036
57.31387182571528
94.24916282431435
66.2581605312783
68.35268535058336
68.25403745415574
82.94412172306136
46.71027317736875
92.69823244985795
75.05748150423561
64.71007930746661
40.17394031495009
84.23375678755447
53.34659735110678
85.52420085582435
63.51712939848299
70.82831284038396
76.98449567479209
71.10485297257686
91.23309322780233
67.97856649625136
91.95795747633046
105.15179295591912
91.97040025691467
71.74727807047447
86.82178945024665
78.72821733372975
74.2750947136139
67.22734392579177
98.41698260001777
90.13606126128904
81.60464844774357
64.93018108820173
77.635517759067
46.80457840716397
66.34725655308927
95.92998268440657
98.90225924928679
75.0705234890339
62.785085189871246
92.64160087678488
82.7237137045096
77.34927504051447
118.4183044183022
84.66499529417139
90.97755074427205
84.96569605633468
55.5371317876155
85.90641303339736
60.04905846003609
84.07076832669263
89.15840212880983
64.84119654568836
49.28623756685355
82.37161210374386
90.72712763215418
71.88250603669165
81.11941116104947
98.22229054253108
74.10207384202165
60.18829656780605
101.4303849837547
98.83151323169633
94.882065637005
104.15646807292403
91.716176014986
87.61667336325952
90.43760242471825
111.32704613870831
61.07718055478248
70.9879102050228
93.2112031616764
72.27155324652051
96.46987159123225
83.782512697634
57.03278793034952
64.02660096805903
77.13329656702453
89.31218177402684
75.72602906404101
85.93866236358897
66.68193965088493
85.68513354611865
116.27507000216829
68.93331934363458
80.91611613994222
57.31345300628991
63.28838349719975
51.436701479666134
67.61509272103866
65.71091858552072
71.37443105450997
73.3041678532295
102.25044168393055
90.8362511737793
77.72200674715229
58.11162289867974
50.31865540940734
86.17374325930865
88.80437652276018
73.44945886657737
82.69363611985175
73.01760014995138
69.10861817916756
65.77659445992106
69.49100142851735
54.808111353906476
75.46717735422772
65.62806679824472
84.75346125253671
77.72412301864246
96.75875856780087
91.15450998337889
84.6655870807717
105.53556304854646
86.7233540189561
88.44579692609038
84.96411015363387
69.49265195360074
92.00993937534328
69.35086673015736
62.58457628507067
92.6221213951346
70.26124813487864
55.93554506285793
82.31725953679815
81.7300358197824
70.43814299850122
83.26138146092526
77.24457904552565
69.43895424938334
125.89352558732205
75.57867779176794
74.72823673530836
61.09004292556969
79.04673232535266
81.08985155968995
104.70898191541488
84.72681622563344
65.16467131523783
87.76378152395404
80.86847497399376
79.51631620913176
49.602498872778774
81.77143409431072
69.76225172389748
78.53005121286515
69.80880979365968
82.40364952148585
52.27293576264942
77.42683721865983
67.45324495339607
52.674167713560934
76.68778382059104
63.76030787610989
49.294560457877886
70.21042587111255
79.96164831868357
92.97679034514144
79.81668545750594
55.105921226859365
60.34264193018507
53.84667631080016
99.80958290744351
73.3474207092032
88.81888704783366
80.1625955894896
80.73757716167381
64.77353384739187
88.21393479409876
83.92282764384959
55.97022955640485
72.6144460068536
82.01346466743985
80.13073333822967
90.2718101672159
97.41775026392105
78.1375698293156
76.40260974723797
55.96866553809677
76.52896770088937
82.55034498842188
99.23482303852612
78.30977014179345
107.09923701941142
108.10269421762916
77.14530380758207
84.60143241201604
83.20305362573193
51.308863598186555
70.4635638852319
77.37301714219521
66.58356388148214
78.66942679414453
82.51135641798508
86.41305478134534
76.65685979199705
66.79884858849081
97.25443317714083
122.01020252600594
97.2166523114742
78.43925556702807
65.89827393854628
90.00724223228555
88.6807983317725
59.581411962142745
64.34848824013042
74.69694435831543
107.5357782414355
76.08976952086185
84.88410326316242
81.93704771466271
83.35797554021799
76.34776868316987
73.90496738595814
90.58914297701101
90.14866267363435
91.58930452965113
86.10022288441252
95.60888169076792
93.49029842214392
101.23070625364053
53.92627448859177
55.84903930715191
76.78296778659377
90.31230503275597
98.19536422972061
110.87374953603958
89.99873473743915
100.41874387663712
93.17123927000165
83.40070667477268
54.766958656283215
77.3093981893982
79.71309096199049
75.82915026842974
84.58430248720606
69.42121216009961
70.67009932424364
106.2245990608898
72.52751603233078
72.23476688720272
64.13431254429993
90.28017141135292
103.65459772775384
105.49663529683266
70.03553852143466
90.1828237146845
84.75154988563774
81.53623053279824
98.16934516195815
62.15958710439306
93.73171962495327
82.27558902289367
86.6349729596477
87.30105488933147
60.40100691968667
77.0458534945251
71.33499386992091
82.6843221821389
90.31727537056798
93.39458462640026
65.5516572886647
53.94874748395861
91.15726171934914
78.69383375997371
83.02380085388046
75.21842575953553
71.70875146672111
83.25209837899592
60.004280704287936
83.858931449692
56.42008588142955
55.05390869581316
64.03304930317942
92.42459730546818
86.9203940381046
101.49337565437045
101.38603410669666
86.22735833947752
90.36454155390646
90.4512801977642
57.44105251109605
67.25629785128267
94.41948132112067
69.02934328197352
86.31205001089123
43.27119367547007
57.32407903354391
80.52594397970293
97.46509866434172
78.2295447414378
93.41752235122733
96.8883980490185
108.41303637649331
79.05768222476543
92.96395684450533
62.70145952954004
84.93859897588044
30.328104162541738
41.85220918063805
68.48788513668998
78.86557976087968
87.76936556147449
89.75704597278056
113.94172465243686
98.49190055018165
98.9473357942213
71.7550682353781
88.98148704022086
82.58655854461895
68.14450043033605
83.7273255866854
96.99283332395024
76.44087562047521
102.1078412273789
121.98201098155607
73.90570949812543
62.81503426703515
99.69636878289707
72.84778037421361
73.68767374479734
77.86524337896537
65.79790466951343
72.4233070372251
108.29180645520545
81.35859125837031
84.33810657198634
77.42909165570609
89.64685154679458
63.44818488899742
63.45600827294456
74.32568197450475
76.76688867209425
63.551165861805465
74.94061224073097
102.92433301018751
82.58039082448424
61.9481078457796
73.13063377312683
86.29659524897401
64.54454019788571
88.3211560641017
80.23954973303363
79.19909810376707
99.14900202835878
84.56399814464193
73.22057534051399
79.4380368310179
94.17219562449273
77.44424190642944
95.27201414442531
46.41613017882733
68.90503207569246
88.69262550419276
73.47216915947237
63.98017792916316
46.29731591223721
53.07479354921026
81.49163081161963
85.62098572753912
77.19987072483998
68.71451154473127
66.90514602896972
56.51290669287382
60.539455131800594
95.35081254269225
68.5573622261395
86.7262418424581
88.98779410669158
115.04559760899781
102.31138581030477
102.92345492617947
