0.3879043840974363
0.4124691848393675
0.31575084471723736
0.3303510842705309
0.2847284156641451
0.3201556019122385
0.3616815334174817
0.3139410003214575
0.3075413450105222
0.3845475061805506
0.4228154831671498
0.3908525016284526
0.3704438179341789
0.29197170026583585
0.3385318364839238
0.32701956784134384
0.2495364654004077
0.26104877101810814
0.30802650679187077
0.27695343154645874
0.27250437381175835
0.2629645459429901
0.2413815946556722
0.33441357340089445
0.32962183400771006
0.3107447396719978
0.240090172520352
0.2763517705322815
0.2544281466162539
0.28951146720171667
0.2755939428269266
0.2804149958011672
0.28339700685497193
0.3113768479785829
0.28312337822156824
0.39946349108735024
0.3152084472679934
0.2853968885095173
0.34957499833753597
0.4260790519320244
0.2610196134503542
0.306160827980757
0.29003048535281817
0.2795497150443983
0.29893488650012334
0.30773672801235114
0.3998069868991249
0.4023009950511513
0.4234729684453625
0.4113731647145325
0.3819919027488302
0.4041741875505263
0.2984979242884582
0.32602679638641446
0.21626554258765338
0.20577056947211592
0.12297572402947465
0.10166397000005245
0.13583638410775772
0.19503332657224706
0.3191077504970246
0.30967480519084756
0.2740013692272398
0.26313893340303796
0.24074387977485423
0.2050554802440084
0.2538953175224969
0.2802232400182997
0.3202445242293542
0.28891883381597555
0.3689306935329036
0.2767270676980837
0.2689198685238794
0.29337781683392644
0.2366327084616528
0.38497152225722003
0.3158021549123477
0.22026925174021844
0.35705661619335927
0.37741972878515484
0.35634779395932986
0.2766061508382159
0.33105861678895215
0.3556787177027031
0.300381779130963
0.33607172817461844
0.2667540507640011
0.29320721732287397
0.36506523247314837
0.29279091956479003
0.3097369044653351
0.3034410480780933
0.24101653771304005
0.223745196325602
0.21620784924538136
0.2893602693312566
0.30445360952229744
0.2554679210335324
0.2979549347179585
0.3012623351827066
0.2720549045941744
0.3173702242400435
0.27338248822664324
0.23877224504307934
0.3022904417150407
0.2606516143713766
0.24950286564553117
0.3000839765076177
0.31474764274440287
0.3122061803772957
0.3146209446957982
0.3382004830974267
0.282975041148977
0.317125039346549
0.3799638602550554
0.2658287441762472
0.36839583455344865
0.3054208722986527
0.26242058329377027
0.25979339607558755
0.32774763445409
0.37633138437144437
0.4105354678114905
0.3056906973156708
0.2943127397404433
0.29180642139135854
0.2946243028646168
0.3050682664863773
0.239079187350859
0.3215528763697448
0.3451038525875535
0.3857497732223251
0.30218138507870695
0.2487809834270798
0.30286389633239047
0.27815734221170263
0.26966171447120013
0.3163241597182288
0.3130917545590599
0.2544149642305967
0.3261557801796274
0.36305656700263333
0.3627474506124579
0.37228021889840207
0.3007676035647624
0.25207351925490856
0.23914493916969617
0.33907111275294055
0.3001952549818778
0.18270916539147158
0.24645895251496616
0.3528066039588248
0.35365309461145744
0.3192309529062031
0.3122176571343248
0.18292894538647705
0.1719053047167209
0.18040317105329026
0.16104753263870733
0.15889975101657786
0.3209159408950794
0.33945192714079425
0.3910982845601888
0.24317712340022224
0.2132119781460496
0.2760957129072887
0.2659902230366399
0.3236782329005401
0.34291798222929065
0.22726373749677065
0.2407775645972738
0.27039265011725344
0.2784714573885224
0.23675533087638717
0.3447245120829106
0.31222051297066444
0.2655383143109669
0.34639735404864297
0.3418904879834323
0.3330375108645653
0.21596393954630932
0.18524262112033646
0.21932326820352058
0.20528514847495294
0.24795543092869124
0.29360764857402527
0.31501407945089066
0.29862820895908543
0.35526499200488054
0.39371909038140956
0.33344891226935647
0.3624560190106843
0.3717226763444443
0.3880819290681584
0.3758632794748639
0.3278011293209634
0.31298449646573423
0.2819120568660893
0.2887379511196228
0.29958703248564655
0.23858330392323768
0.28883797865076133
0.25623274362117177
0.2469517898854978
0.28579072714320014
0.19479539456956957
0.21571164436510504
0.23871456910570696
0.34304180923991834
0.399207403400213
0.23308810806741836
0.20666518056825653
0.30667711734741054
0.31978878267291494
0.32756365804873244
0.3852021455631789
0.35095852950543244
0.3127075294943377
0.31864232648309254
0.323535064108618
0.31052072139899484
0.3797876726533941
0.24994485333427865
0.2603789459384754
0.2384107036652732
0.3465321622599914
0.2748645913177258
0.21646778249515056
0.28036220848226784
0.36321567245389047
0.2876527315663945
0.3675911887569527
0.32523290169436
0.30331081095847257
0.2514862117732252
0.3332376462990704
0.3693116130143956
0.3028850743321789
0.2686038149067331
0.3220003781564369
0.2877181561012867
0.3858733018144447
0.2930099713330101
0.24597166031450216
0.2913216663241393
0.1864405872183731
0.2800219430779687
0.24285350682291426
0.2780142133408429
0.35364966637654655
0.2945030596269448
0.25501321173016633
0.2614996606668287
0.21377219175072334
0.2946356055226486
0.36911332271447184
0.34773379570320445
0.24331307448176348
0.3311977015134845
0.27348622590263816
0.30464286151829767
0.3590184320527761
0.2667790286351415
0.2354732426944727
0.2769550472181097
0.3236419218320445
0.3397156736412091
0.3207716134139287
0.3895093012694698
0.31439829520242085
0.36564030800943315
0.44922543415508775
0.3347890919334759
0.3319175664737159
0.28260935076178856
0.3532827776267372
0.3435114261983836
0.2855960739904931
0.3477631725961476
0.27365692193817137
0.3009747984545305
0.30285975199205195
0.3490641157552705
0.24837029926183685
0.26868713198166433
0.2967265808763605
0.29058357771180443
0.37325648363136815
0.33117993672122614
0.3179825225197287
0.3575291108227235
0.33849582052853444
0.33674484269354077
0.28573674936599297
0.3568643388670222
0.3284791519041067
0.2904907726618556
0.3285462718288045
0.28708460214346454
0.2731435567748448
0.26674680594446004
0.2614330730787792
0.3471871810055638
0.2963486489324323
0.38415876065915183
0.390156272158627
0.35076663157333077
0.3137107281493616
0.298620778993587
0.38208918036763806
0.2641240096289499
0.22073617046897395
0.21000630924781274
0.21618785288758688
0.29793876385606444
0.31863578800434156
0.2830876980790611
0.20578280530909387
0.24827242747883282
0.24647765740517552
0.27700541798012634
0.22745889543279965
0.2128911269561349
0.2875902340083328
0.21807922905868363
0.28464901375290486
0.28369231450511884
0.3301980017021443
0.30421945030314873
0.29674043820432605
0.34699758863700475
0.2892187691438216
0.2864202122532644
0.2743056511443518
0.2811872970988702
0.2996545481078885
0.1960379422945306
0.27996228235721365
0.22790696299599822
0.2984864464740268
0.3570579420421304
0.26600245242511006
0.25687247889163584
0.29735385375421436
0.274081357100684
0.321916376058963
0.331147890968982
0.2757967315501777
0.4177071651108262
0.3117239706808225
0.25063609094962064
0.2860127536716626
0.3692140570096664
0.34512809197565564
0.33567515045212926
0.3649135557189801
0.303813857605351
0.20451759130127217
0.2752716846614722
0.3056595649407019
0.26201296163285903
0.20646443909585074
0.23153841874930378
0.24908976698705954
0.1552540574229155
0.22077714177735133
0.23928186760748238
0.3774557283656159
0.3315444213554813
0.2991015615921779
0.39181255555947797
0.28173141496645987
0.38960341471086113
0.2798112265326217
0.24659492987559573
0.199557485255294
0.2393730235807523
0.32430588731101234
0.29434483056651484
0.30957799371349126
0.2813753654713515
0.33181195526793655
0.32359262758492974
0.3116978848160627
0.30218117380126674
0.36143718045833356
0.35186865251543437
0.3944970691702699
0.3979835564270186
0.28147456802819787
0.269050144345919
0.3012996798773176
0.33219265290691125
0.2375586296412514
0.3264389613254181
0.26413001678430614
0.3286289278300317
0.2689851566471614
0.34175190948580947
0.3187853704163959
0.34767291057613364
0.3559713001226773
0.3231830570924457
0.3944571384005243
0.3095186306067658
0.3757913318275186
0.28833169369565914
0.29071235788809
0.3305924106364642
0.3310636371223393
0.31212514487213383
0.2444001054800171
0.23615035777768623
0.26359693940296147
0.2951903446766318
0.3014850957723052
0.2474943470223335
0.3411399656452074
0.27770593455588755
0.37735973956591673
0.33818080193030475
0.2599125496183346
0.36690458176439983
0.38173906153642884
0.3498847564379412
0.2983228490218594
0.30466080646766863
0.34719157123719174
0.2656797450165619
0.18566450546573168
0.2433778700921097
0.2622876134531718
0.2523805394020812
0.21275084109439488
0.2813228930579236
0.27794987547917305
0.2690848073301283
0.17011376809177386
0.25055630800128326
0.2560316570264351
0.2835889199279852
0.34785741561507755
0.29112333628932147
0.34924478024493466
0.39158699417968706
0.37486914344612626
0.25435282221173133
0.3574908921797545
0.31376731863167356
0.3157334848374296
0.3358536732366717
0.3214921382390388
0.320578412915819
0.28540781499829193
0.4181856417828923
0.4028446684049857
0.36495638134631153
0.23719377855088572
0.26281293908957026
0.29884491670855007
0.24369808938950843
0.19617063102219207
0.2132231009862516
0.31001483909624256
0.24383737676228318
0.28927520596810996
0.34318191567589257
0.24536065040711985
0.20396406615369303
0.29277604525078643
0.32483952431014046
0.2871076491203462
0.24107552759861658
0.35431873300687244
0.2845425722697784
0.24478771204413477
0.27682606531042375
0.2927817241456955
0.2915695100699219
0.326072299632921
0.38166507860989435
0.3885059654120898
0.3329076318396144
0.27344034346156487
0.3247854603858335
0.3139028698401736
0.3859559147382708
0.30236281216469074
0.24927834526083414
0.2987554727996689
0.31177933353394627
0.3373012239680898
0.3517386095883452
0.40258018957848984
0.3845037546759251
0.23870961090300316
0.26008055660113055
0.3594952005444947
0.35184985521928486
0.4627182342008271
0.36167946177609567
0.28707630348531094
0.2868892588070763
0.3219420010650063
0.33417107100222027
0.30524793240352205
0.38497541376668243
0.38038628012986236
0.38675841645078957
0.42779397985261525
0.3562403722920108
0.3819367128242376
0.3818168801257123
0.2555400244279625
0.24234182369883986
0.17813883042543488
0.282193986803749
0.36003545338119614
0.3041586136057882
0.2757201218620551
0.3213006712599239
0.2767593267385265
0.4139776533790729
0.35152638149167054
0.3006915692650546
0.2852824378097539
0.2807518547384167
0.28442137061560124
0.2303737948567084
0.26140521973538106
0.2941575249523343
0.3224065849774079
0.23092976874821153
0.23863091477461662
0.32507225821627106
0.2744082897842967
0.2824209675200559
0.34046158031124624
0.29404460497362206
0.3025718580835983
0.2791789205902615
0.31223898702138375
0.3194222101675323
0.31883483107330796
0.2961523115213872
0.3511095096573071
0.35276494759078875
0.3127292245397651
0.36434761631692664
0.35084031997384124
0.2914234927709879
0.38876115541795164
0.3740757506837502
0.4309489737749624
0.40031604409006355
0.3687450534071482
0.3442063408002687
0.3205261897303012
0.2525485603703422
0.2997966746913381
0.3191671285972706
0.3085686696318422
0.35697833966804227
0.23524670535159217
0.2781108534204705
0.2732000344072686
0.3018335564624601
0.23601594076748864
0.22206772194734495
0.2674789858990046
0.2975426123745729
0.30877977286695557
0.3726031986510789
0.255200311424648
0.357242088963097
0.33337300292242283
0.34684197289179186
0.34740412486234207
0.2881813007311374
0.29303813881359947
0.222292492678434
0.2484659028949989
0.2379119305715837
0.25455686484473583
0.24601731307754507
0.22206213134975358
0.3153562258970956
0.27939674764458683
0.2580385655126048
0.2354308932147645
0.19513133783825956
0.21847295410843426
0.25179774960904944
0.31005350386589403
0.41182538085092757
0.3402918353954292
0.38029403904313147
0.3230430564484039
0.3823225000933016
0.3504408920180327
0.27119653648797853
0.30188459387202926
0.2874860273089825
0.32993010350869795
0.2576217088038142
0.2670258107347191
0.37957182649287785
0.3944960816432472
0.3413414528425049
0.3510888152265415
0.3617580451898847
0.3089287434772376
0.2964147907855421
0.22747283020840006
0.42096428510343664
0.354502369229689
0.3184059118527796
0.3700381328426824
0.37451714140875175
0.3638044999301292
0.37246346898090593
0.3573361892349166
0.24000351782415763
0.19355984614698515
0.24709281112389145
0.23478393372958986
0.27157616244276167
0.38689836361313434
0.36025163423409723
0.2637980649288911
0.3687513060813599
0.2796263393358675
0.34923959853674774
0.3146835835132115
0.36205621745655914
0.2655989470679507
0.3147292907550317
0.32969347376845515
0.42466010780661406
0.34336196905459176
0.350211158076936
0.2873122344185468
0.37959628290350295
0.38376673050251914
0.3427049989106218
0.29704452394317815
0.2424184850464117
0.35589475870382575
0.2784814975344234
0.24243316956370692
0.2450723610170342
0.3013819724074525
0.33479736400967547
0.3115406667007993
0.293217787825784
0.3022095079087051
0.27074524255949906
0.27986875824348745
0.3183963355355885
0.33568337931667536
0.30320919583565187
0.3910802937747451
0.34570469343470456
0.2720409755010749
0.2618896178668779
0.2838579292097591
0.3488528042096172
0.2585534195632949
0.27687390114670185
0.28419123557749776
0.1968131014271842
0.3216109291556543
0.28571878416497104
0.2654722654519277
0.3389020936809773
0.2741897585836907
0.3827514295240626
0.2846366189516885
0.2940807703284623
0.269950463582769
0.3988257305954552
0.30421291436772235
0.31488258331299696
0.3261321558012261
0.2976525197385654
0.2809364164446183
0.36097821492107046
0.40549143709753976
0.27093381406415395
0.2719586403759509
0.2790433340241477
0.22810643120116716
0.2884642282857386
0.31040983956930207
0.2980901050200587
0.22204775922435283
0.30634557424817166
0.32685005842917014
0.2569441948089108
0.3454511696493183
0.2593837547790637
0.295963162208552
0.3319207734208597
0.3408680280564878
0.40358310884722426
0.3525070665035425
0.2696874956291948
0.2635170196726437
0.3326962966136316
0.2541476813312753
0.2786473974380866
0.36211434968366935
0.26588490663720554
0.37797791577376516
0.37000559084826706
0.4175612441377875
0.39088522042874746
0.32763989479794214
0.3835748745262339
0.26590847447229216
0.2642953470835218
0.2963567702588211
0.28163305726669485
0.39379918111628187
0.38438497453122955
0.2573865393914521
0.29002007078098846
0.3702408278147687
0.32843432922512183
0.3255995380085736
0.333457431726142
0.3461790874698154
0.3287830426571253
0.31576020798177157
0.4073525516641217
0.3944596931457283
0.2717889735001337
0.2537104596209391
0.24043956023306048
0.2946100878061723
0.2579801215933929
0.26372969512934996
0.26799653191097855
0.26404357333493716
0.2812341318638628
0.26161995199371874
0.26425991972729224
0.3417637564273656
0.3513817939473255
0.2597699174428609
0.27371617575414947
0.31879982357363884
0.3161576153107315
0.28087680577944746
0.363704261486364
0.2968866949721826
0.3214727992166691
0.2841200073774382
0.1877227708482198
0.25531241800825955
0.3529781731463946
0.33669269432492355
0.259269538464441
0.2622415673312097
0.25026884772796093
0.20148255466581136
0.31849844856796045
0.3332475033326385
0.31101740135942757
0.3160541506111961
0.393169104270714
0.31312511169078805
0.3314760324975098
0.30549140403463004
0.31163399761695726
0.2789512821561661
0.42395137794365595
0.2719791355704471
0.29872953631517163
0.3838607436315291
0.3128670892320991
0.3761222134478455
0.32781729484336486
0.3040261392895326
0.3074006484228433
0.20760719959265708
0.3464785542270827
0.349700755685566
0.343857290519149
0.40421677459730904
0.23635316537637635
0.3086119618405601
0.31775321592471534
0.3265659804909239
0.36227190647857566
0.34426722590662195
0.3957248298047744
0.3109364004313965
0.352485450650033
0.3624651680899988
0.32020085138681975
0.25997160246771484
0.3160015759350445
0.2836447522192174
0.33360954045836183
0.292350855081541
0.42213114713705185
0.355579890552475
0.2803124180093113
0.25397578802217513
0.29024019286542946
0.26717308784205884
0.24470395717918053
0.322704210950261
0.2740664589867954
0.3157708584502418
0.37395024001570365
0.35721631908263884
0.3024007428397897
0.3222073472678233
0.29056711449206735
0.2976249966010088
0.2597561503930245
0.299062924072611
0.36331691074912503
0.2719538500055285
0.21768249370527665
0.2485111371777074
0.3283210753954501
0.3501066425394552
0.253070031116428
0.2559477727792498
0.3207835303818354
0.3671103932404224
0.2982496887736287
0.2621245816770715
0.3318687601142963
0.23142472758518312
0.33082624221258067
0.4043237891447139
0.2861568701600671
0.27274713930938405
0.22439264584547156
0.2768234348262656
0.3295587282033008
0.30546221592208544
0.29360870531807626
0.2801600175469929
0.2361548586320245
0.39778823557584425
0.39479596869317074
0.3226824411526267
0.3226940629235444
0.20457123806865687
0.1829265002490785
0.2372848609003992
0.23079740670415225
0.2525252573531369
0.32008417191958677
0.36241947379062145
0.31913445701891713
0.2931647861306836
0.33647429288998126
0.3109365583497493
0.2921444673657903
0.3024186352149746
0.2949941346543682
0.34989564116822885
0.31743204383433665
0.3407170123573627
0.28681750392638766
0.20448560184855444
0.20833744795923584
0.3671714981070458
0.3304232101839441
0.2927269940763302
0.2778628689790127
0.25833508789200155
0.3751991459944553
0.31613248761923907
0.2809309898430708
0.30398108263134127
0.37990243306354815
0.34569166810323104
0.32715212696778573
0.36253270355714723
0.2944248246378107
0.32767152277405726
0.3448948058857174
0.3478756736492029
0.37748840810855544
0.2678324660024631
0.255198517834278
0.2987312222796234
0.32950448765710877
0.3356314149934003
0.2891490910494258
0.3660406344024639
0.27609148297235375
0.503147764373507
0.37507489868560356
0.32667602861757583
0.26019576567129254
0.2121258518576958
0.20863649995159486
0.2162037762526982
0.28769999580184186
0.22694588834145044
0.27384400046520435
0.2941589544170815
0.33546032837575707
0.2750374607530992
0.3494257299060069
0.3474515071757053
0.412640645563099
0.34279926539592753
0.3281746617702871
0.25795970912000726
0.2776160986705443
0.23478359055918638
0.25645773045021597
0.20695869587301619
0.26842403151832456
0.30050959365382857
0.35256492011700685
0.2984950758677434
0.48988620905393193
0.4866631523916202
0.3374072119510247
0.29126886459544016
0.28885516993523686
0.2656455171182474
0.22849949740980666
0.23619158506834717
0.23898659757936472
0.3125942773398416
0.35866387277691675
0.3032733716344552
0.3927828387582597
0.30513776791636743
0.27629951735235286
0.27566429096791256
0.23215680663176153
0.2285123284238075
0.2897813825739303
0.32600849679168725
0.30884548559934494
0.35742485376454475
0.34563806749928233
0.3168783750709576
0.3510084929637776
0.4203661668011824
0.22416992264827326
0.29088271537541993
0.3385785597180096
0.30640794484912853
0.3279634655568988
0.3296485111421877
0.36189612641351254
0.3331341943007444
0.2903270150574968
0.37925398276581157
0.30583572947529913
0.2881086596436723
0.4281692404204837
0.3491469669530621
0.2899777986088404
0.2692303758000027
0.3611439014247423
0.2882905779963901
0.268218966206862
0.28195021880500226
0.24941831864565212
0.2886052821771518
0.3350143249125569
0.3111208223248069
0.25435415020204954
0.2522297846345147
0.2509276422573894
0.41236941350261525
0.33018448160412656
0.26078030150203635
0.3264179294081942
0.3610527284601689
0.40349427207772787
0.363553160239781
0.30366918217540084
0.2547839931415587
0.30982856578115237
0.34654224188617355
0.27421438728614095
0.29922522115835515
0.30113301802627673
0.2933191179372191
0.34740208512603094
0.25611289954847033
0.2526827340805978
0.23765911308078252
0.24424581630047404
0.2509225673169445
